(kicad_pcb (version 4) (host pcbnew no-vcs-found-MacPorts)

  (general
    (links 98)
    (no_connects 0)
    (area 23.949999 28.649999 74.050001 63.750001)
    (thickness 1.6)
    (drawings 5)
    (tracks 396)
    (zones 0)
    (modules 35)
    (nets 50)
  )

  (page A4)
  (layers
    (0 F.Cu signal)
    (31 B.Cu signal)
    (32 B.Adhes user)
    (33 F.Adhes user)
    (34 B.Paste user)
    (35 F.Paste user)
    (36 B.SilkS user)
    (37 F.SilkS user)
    (38 B.Mask user)
    (39 F.Mask user)
    (40 Dwgs.User user)
    (41 Cmts.User user)
    (42 Eco1.User user)
    (43 Eco2.User user)
    (44 Edge.Cuts user)
    (45 Margin user)
    (46 B.CrtYd user)
    (47 F.CrtYd user)
    (48 B.Fab user)
    (49 F.Fab user)
  )

  (setup
    (last_trace_width 0.25)
    (trace_clearance 0.2)
    (zone_clearance 0.2)
    (zone_45_only no)
    (trace_min 0.2)
    (segment_width 0.2)
    (edge_width 0.1)
    (via_size 0.6)
    (via_drill 0.4)
    (via_min_size 0.4)
    (via_min_drill 0.3)
    (uvia_size 0.3)
    (uvia_drill 0.1)
    (uvias_allowed no)
    (uvia_min_size 0.2)
    (uvia_min_drill 0.1)
    (pcb_text_width 0.3)
    (pcb_text_size 1.5 1.5)
    (mod_edge_width 0.15)
    (mod_text_size 1 1)
    (mod_text_width 0.15)
    (pad_size 1.5 1.5)
    (pad_drill 0.6)
    (pad_to_mask_clearance 0)
    (aux_axis_origin 24 63.7)
    (grid_origin 24 63.7)
    (visible_elements FFFEFF7F)
    (pcbplotparams
      (layerselection 0x00030_80000001)
      (usegerberextensions false)
      (excludeedgelayer true)
      (linewidth 0.100000)
      (plotframeref false)
      (viasonmask false)
      (mode 1)
      (useauxorigin false)
      (hpglpennumber 1)
      (hpglpenspeed 20)
      (hpglpendiameter 15)
      (hpglpenoverlay 2)
      (psnegative false)
      (psa4output false)
      (plotreference true)
      (plotvalue true)
      (plotinvisibletext false)
      (padsonsilk false)
      (subtractmaskfromsilk false)
      (outputformat 1)
      (mirror false)
      (drillshape 1)
      (scaleselection 1)
      (outputdirectory ""))
  )

  (net 0 "")
  (net 1 VCC)
  (net 2 /reset)
  (net 3 "Net-(P1-Pad1)")
  (net 4 "Net-(P1-Pad2)")
  (net 5 /out)
  (net 6 /clock)
  (net 7 "Net-(U1-Pad3)")
  (net 8 "Net-(U1-Pad4)")
  (net 9 "Net-(U1-Pad5)")
  (net 10 /in_a)
  (net 11 "Net-(U1-Pad11)")
  (net 12 "Net-(U1-Pad12)")
  (net 13 "Net-(U1-Pad13)")
  (net 14 /in_b)
  (net 15 "Net-(U2-Pad3)")
  (net 16 "Net-(U2-Pad5)")
  (net 17 "Net-(U2-Pad7)")
  (net 18 "Net-(U2-Pad9)")
  (net 19 "Net-(P2-Pad2)")
  (net 20 "Net-(R1-Pad1)")
  (net 21 "Net-(R2-Pad1)")
  (net 22 "Net-(R3-Pad1)")
  (net 23 "Net-(R4-Pad1)")
  (net 24 "Net-(R7-Pad1)")
  (net 25 "Net-(R8-Pad1)")
  (net 26 "Net-(R9-Pad1)")
  (net 27 "Net-(R10-Pad1)")
  (net 28 "Net-(R11-Pad1)")
  (net 29 "Net-(R14-Pad1)")
  (net 30 "Net-(R15-Pad1)")
  (net 31 VSS)
  (net 32 /X0)
  (net 33 /X1)
  (net 34 /X2)
  (net 35 /X3)
  (net 36 "Net-(P3-Pad1)")
  (net 37 "Net-(P3-Pad2)")
  (net 38 "Net-(P3-Pad3)")
  (net 39 "Net-(P3-Pad4)")
  (net 40 "Net-(P4-Pad1)")
  (net 41 "Net-(P4-Pad2)")
  (net 42 "Net-(P4-Pad3)")
  (net 43 "Net-(P4-Pad4)")
  (net 44 /led_main)
  (net 45 "Net-(P5-Pad2)")
  (net 46 "Net-(P5-Pad3)")
  (net 47 "Net-(P5-Pad4)")
  (net 48 "Net-(P5-Pad5)")
  (net 49 "Net-(Q1-Pad3)")

  (net_class Default "This is the default net class."
    (clearance 0.2)
    (trace_width 0.25)
    (via_dia 0.6)
    (via_drill 0.4)
    (uvia_dia 0.3)
    (uvia_drill 0.1)
    (add_net /X0)
    (add_net /X1)
    (add_net /X2)
    (add_net /X3)
    (add_net /clock)
    (add_net /in_a)
    (add_net /in_b)
    (add_net /led_main)
    (add_net /out)
    (add_net /reset)
    (add_net "Net-(P1-Pad1)")
    (add_net "Net-(P1-Pad2)")
    (add_net "Net-(P2-Pad2)")
    (add_net "Net-(P3-Pad1)")
    (add_net "Net-(P3-Pad2)")
    (add_net "Net-(P3-Pad3)")
    (add_net "Net-(P3-Pad4)")
    (add_net "Net-(P4-Pad1)")
    (add_net "Net-(P4-Pad2)")
    (add_net "Net-(P4-Pad3)")
    (add_net "Net-(P4-Pad4)")
    (add_net "Net-(P5-Pad2)")
    (add_net "Net-(P5-Pad3)")
    (add_net "Net-(P5-Pad4)")
    (add_net "Net-(P5-Pad5)")
    (add_net "Net-(Q1-Pad3)")
    (add_net "Net-(R1-Pad1)")
    (add_net "Net-(R10-Pad1)")
    (add_net "Net-(R11-Pad1)")
    (add_net "Net-(R14-Pad1)")
    (add_net "Net-(R15-Pad1)")
    (add_net "Net-(R2-Pad1)")
    (add_net "Net-(R3-Pad1)")
    (add_net "Net-(R4-Pad1)")
    (add_net "Net-(R7-Pad1)")
    (add_net "Net-(R8-Pad1)")
    (add_net "Net-(R9-Pad1)")
    (add_net "Net-(U1-Pad11)")
    (add_net "Net-(U1-Pad12)")
    (add_net "Net-(U1-Pad13)")
    (add_net "Net-(U1-Pad3)")
    (add_net "Net-(U1-Pad4)")
    (add_net "Net-(U1-Pad5)")
    (add_net "Net-(U2-Pad3)")
    (add_net "Net-(U2-Pad5)")
    (add_net "Net-(U2-Pad7)")
    (add_net "Net-(U2-Pad9)")
    (add_net VCC)
    (add_net VSS)
  )

  (module Housings_SSOP:TSSOP-16_4.4x5mm_Pitch0.65mm (layer F.Cu) (tedit 54130A77) (tstamp 55A5C864)
    (at 55.75 37)
    (descr "16-Lead Plastic Thin Shrink Small Outline (ST)-4.4 mm Body [TSSOP] (see Microchip Packaging Specification 00000049BS.pdf)")
    (tags "SSOP 0.65")
    (path /559DD024)
    (attr smd)
    (fp_text reference U6 (at 0 -3.55) (layer F.SilkS)
      (effects (font (size 1 1) (thickness 0.15)))
    )
    (fp_text value 4051 (at 0 3.55) (layer F.Fab)
      (effects (font (size 1 1) (thickness 0.15)))
    )
    (fp_line (start -3.95 -2.8) (end -3.95 2.8) (layer F.CrtYd) (width 0.05))
    (fp_line (start 3.95 -2.8) (end 3.95 2.8) (layer F.CrtYd) (width 0.05))
    (fp_line (start -3.95 -2.8) (end 3.95 -2.8) (layer F.CrtYd) (width 0.05))
    (fp_line (start -3.95 2.8) (end 3.95 2.8) (layer F.CrtYd) (width 0.05))
    (fp_line (start -2.2 2.725) (end 2.2 2.725) (layer F.SilkS) (width 0.15))
    (fp_line (start -3.775 -2.725) (end 2.2 -2.725) (layer F.SilkS) (width 0.15))
    (pad 1 smd rect (at -2.95 -2.275) (size 1.5 0.45) (layers F.Cu F.Paste F.Mask)
      (net 31 VSS))
    (pad 2 smd rect (at -2.95 -1.625) (size 1.5 0.45) (layers F.Cu F.Paste F.Mask)
      (net 31 VSS))
    (pad 3 smd rect (at -2.95 -0.975) (size 1.5 0.45) (layers F.Cu F.Paste F.Mask)
      (net 5 /out))
    (pad 4 smd rect (at -2.95 -0.325) (size 1.5 0.45) (layers F.Cu F.Paste F.Mask)
      (net 31 VSS))
    (pad 5 smd rect (at -2.95 0.325) (size 1.5 0.45) (layers F.Cu F.Paste F.Mask)
      (net 31 VSS))
    (pad 6 smd rect (at -2.95 0.975) (size 1.5 0.45) (layers F.Cu F.Paste F.Mask)
      (net 31 VSS))
    (pad 7 smd rect (at -2.95 1.625) (size 1.5 0.45) (layers F.Cu F.Paste F.Mask)
      (net 1 VCC))
    (pad 8 smd rect (at -2.95 2.275) (size 1.5 0.45) (layers F.Cu F.Paste F.Mask)
      (net 31 VSS))
    (pad 9 smd rect (at 2.95 2.275) (size 1.5 0.45) (layers F.Cu F.Paste F.Mask)
      (net 31 VSS))
    (pad 10 smd rect (at 2.95 1.625) (size 1.5 0.45) (layers F.Cu F.Paste F.Mask)
      (net 14 /in_b))
    (pad 11 smd rect (at 2.95 0.975) (size 1.5 0.45) (layers F.Cu F.Paste F.Mask)
      (net 10 /in_a))
    (pad 12 smd rect (at 2.95 0.325) (size 1.5 0.45) (layers F.Cu F.Paste F.Mask)
      (net 35 /X3))
    (pad 13 smd rect (at 2.95 -0.325) (size 1.5 0.45) (layers F.Cu F.Paste F.Mask)
      (net 32 /X0))
    (pad 14 smd rect (at 2.95 -0.975) (size 1.5 0.45) (layers F.Cu F.Paste F.Mask)
      (net 33 /X1))
    (pad 15 smd rect (at 2.95 -1.625) (size 1.5 0.45) (layers F.Cu F.Paste F.Mask)
      (net 34 /X2))
    (pad 16 smd rect (at 2.95 -2.275) (size 1.5 0.45) (layers F.Cu F.Paste F.Mask)
      (net 1 VCC))
    (model Housings_SSOP.3dshapes/TSSOP-16_4.4x5mm_Pitch0.65mm.wrl
      (at (xyz 0 0 0))
      (scale (xyz 1 1 1))
      (rotate (xyz 0 0 0))
    )
  )

  (module Socket_Strips:Socket_Strip_Angled_1x05 (layer F.Cu) (tedit 55DE0CB4) (tstamp 55DE0BA9)
    (at 26.42 61.5)
    (descr "Through hole socket strip")
    (tags "socket strip")
    (path /55DE16A0)
    (fp_text reference P4 (at 5 11.25) (layer F.SilkS)
      (effects (font (size 1 1) (thickness 0.15)))
    )
    (fp_text value CONN_01X05 (at 0 -2.75) (layer F.Fab)
      (effects (font (size 1 1) (thickness 0.15)))
    )
    (fp_line (start -1.75 -1.5) (end -1.75 10.6) (layer F.CrtYd) (width 0.05))
    (fp_line (start 11.95 -1.5) (end 11.95 10.6) (layer F.CrtYd) (width 0.05))
    (fp_line (start -1.75 -1.5) (end 11.95 -1.5) (layer F.CrtYd) (width 0.05))
    (fp_line (start -1.75 10.6) (end 11.95 10.6) (layer F.CrtYd) (width 0.05))
    (fp_line (start 8.89 1.27) (end 11.43 1.27) (layer F.SilkS) (width 0.15))
    (fp_line (start 8.89 10.1) (end 11.43 10.1) (layer F.SilkS) (width 0.15))
    (fp_line (start 11.43 10.1) (end 11.43 1.27) (layer F.SilkS) (width 0.15))
    (fp_line (start 8.89 10.1) (end 8.89 1.27) (layer F.SilkS) (width 0.15))
    (fp_line (start 6.35 10.1) (end 8.89 10.1) (layer F.SilkS) (width 0.15))
    (fp_line (start 6.35 1.27) (end 8.89 1.27) (layer F.SilkS) (width 0.15))
    (fp_line (start 3.81 1.27) (end 6.35 1.27) (layer F.SilkS) (width 0.15))
    (fp_line (start 3.81 10.1) (end 6.35 10.1) (layer F.SilkS) (width 0.15))
    (fp_line (start 6.35 10.1) (end 6.35 1.27) (layer F.SilkS) (width 0.15))
    (fp_line (start 3.81 10.1) (end 3.81 1.27) (layer F.SilkS) (width 0.15))
    (fp_line (start 1.27 10.1) (end 3.81 10.1) (layer F.SilkS) (width 0.15))
    (fp_line (start 1.27 1.27) (end 1.27 10.1) (layer F.SilkS) (width 0.15))
    (fp_line (start 1.27 1.27) (end 3.81 1.27) (layer F.SilkS) (width 0.15))
    (fp_line (start -1.27 1.27) (end 1.27 1.27) (layer F.SilkS) (width 0.15))
    (fp_line (start 0 -1.4) (end -1.55 -1.4) (layer F.SilkS) (width 0.15))
    (fp_line (start -1.55 -1.4) (end -1.55 0) (layer F.SilkS) (width 0.15))
    (fp_line (start -1.27 1.27) (end -1.27 10.1) (layer F.SilkS) (width 0.15))
    (fp_line (start -1.27 10.1) (end 1.27 10.1) (layer F.SilkS) (width 0.15))
    (fp_line (start 1.27 10.1) (end 1.27 1.27) (layer F.SilkS) (width 0.15))
    (pad 1 thru_hole rect (at 0 0) (size 1.7272 2.032) (drill 1.016) (layers *.Cu *.Mask F.SilkS)
      (net 40 "Net-(P4-Pad1)"))
    (pad 2 thru_hole oval (at 2.54 0) (size 1.7272 2.032) (drill 1.016) (layers *.Cu *.Mask F.SilkS)
      (net 41 "Net-(P4-Pad2)"))
    (pad 3 thru_hole oval (at 5.08 0) (size 1.7272 2.032) (drill 1.016) (layers *.Cu *.Mask F.SilkS)
      (net 42 "Net-(P4-Pad3)"))
    (pad 4 thru_hole oval (at 7.62 0) (size 1.7272 2.032) (drill 1.016) (layers *.Cu *.Mask F.SilkS)
      (net 43 "Net-(P4-Pad4)"))
    (pad 5 thru_hole oval (at 10.16 0) (size 1.7272 2.032) (drill 1.016) (layers *.Cu *.Mask F.SilkS)
      (net 31 VSS))
    (model Socket_Strips.3dshapes/Socket_Strip_Angled_1x05.wrl
      (at (xyz 0.2 0 0))
      (scale (xyz 1 1 1))
      (rotate (xyz 0 0 180))
    )
  )

  (module Resistors_SMD:R_0402 (layer B.Cu) (tedit 5415CBB8) (tstamp 55A4288F)
    (at 47.5 59 270)
    (descr "Resistor SMD 0402, reflow soldering, Vishay (see dcrcw.pdf)")
    (tags "resistor 0402")
    (path /555B2CDB)
    (attr smd)
    (fp_text reference R3 (at 0 -1.2 270) (layer B.SilkS)
      (effects (font (size 1 1) (thickness 0.15)) (justify mirror))
    )
    (fp_text value 220 (at 0 -1.8 270) (layer B.Fab)
      (effects (font (size 1 1) (thickness 0.15)) (justify mirror))
    )
    (fp_line (start -0.95 0.65) (end 0.95 0.65) (layer B.CrtYd) (width 0.05))
    (fp_line (start -0.95 -0.65) (end 0.95 -0.65) (layer B.CrtYd) (width 0.05))
    (fp_line (start -0.95 0.65) (end -0.95 -0.65) (layer B.CrtYd) (width 0.05))
    (fp_line (start 0.95 0.65) (end 0.95 -0.65) (layer B.CrtYd) (width 0.05))
    (fp_line (start 0.25 0.525) (end -0.25 0.525) (layer B.SilkS) (width 0.15))
    (fp_line (start -0.25 -0.525) (end 0.25 -0.525) (layer B.SilkS) (width 0.15))
    (pad 1 smd rect (at -0.45 0 270) (size 0.4 0.6) (layers B.Cu B.Paste B.Mask)
      (net 22 "Net-(R3-Pad1)"))
    (pad 2 smd rect (at 0.45 0 270) (size 0.4 0.6) (layers B.Cu B.Paste B.Mask)
      (net 38 "Net-(P3-Pad3)"))
    (model Resistors_SMD.3dshapes/R_0402.wrl
      (at (xyz 0 0 0))
      (scale (xyz 1 1 1))
      (rotate (xyz 0 0 0))
    )
  )

  (module Socket_Strips:Socket_Strip_Angled_1x05 (layer F.Cu) (tedit 55DE0CB8) (tstamp 55DE0BA0)
    (at 42.42 61.5)
    (descr "Through hole socket strip")
    (tags "socket strip")
    (path /55DE15C1)
    (fp_text reference P3 (at 5.25 11.25) (layer F.SilkS)
      (effects (font (size 1 1) (thickness 0.15)))
    )
    (fp_text value CONN_01X05 (at 0 -2.75) (layer F.Fab)
      (effects (font (size 1 1) (thickness 0.15)))
    )
    (fp_line (start -1.75 -1.5) (end -1.75 10.6) (layer F.CrtYd) (width 0.05))
    (fp_line (start 11.95 -1.5) (end 11.95 10.6) (layer F.CrtYd) (width 0.05))
    (fp_line (start -1.75 -1.5) (end 11.95 -1.5) (layer F.CrtYd) (width 0.05))
    (fp_line (start -1.75 10.6) (end 11.95 10.6) (layer F.CrtYd) (width 0.05))
    (fp_line (start 8.89 1.27) (end 11.43 1.27) (layer F.SilkS) (width 0.15))
    (fp_line (start 8.89 10.1) (end 11.43 10.1) (layer F.SilkS) (width 0.15))
    (fp_line (start 11.43 10.1) (end 11.43 1.27) (layer F.SilkS) (width 0.15))
    (fp_line (start 8.89 10.1) (end 8.89 1.27) (layer F.SilkS) (width 0.15))
    (fp_line (start 6.35 10.1) (end 8.89 10.1) (layer F.SilkS) (width 0.15))
    (fp_line (start 6.35 1.27) (end 8.89 1.27) (layer F.SilkS) (width 0.15))
    (fp_line (start 3.81 1.27) (end 6.35 1.27) (layer F.SilkS) (width 0.15))
    (fp_line (start 3.81 10.1) (end 6.35 10.1) (layer F.SilkS) (width 0.15))
    (fp_line (start 6.35 10.1) (end 6.35 1.27) (layer F.SilkS) (width 0.15))
    (fp_line (start 3.81 10.1) (end 3.81 1.27) (layer F.SilkS) (width 0.15))
    (fp_line (start 1.27 10.1) (end 3.81 10.1) (layer F.SilkS) (width 0.15))
    (fp_line (start 1.27 1.27) (end 1.27 10.1) (layer F.SilkS) (width 0.15))
    (fp_line (start 1.27 1.27) (end 3.81 1.27) (layer F.SilkS) (width 0.15))
    (fp_line (start -1.27 1.27) (end 1.27 1.27) (layer F.SilkS) (width 0.15))
    (fp_line (start 0 -1.4) (end -1.55 -1.4) (layer F.SilkS) (width 0.15))
    (fp_line (start -1.55 -1.4) (end -1.55 0) (layer F.SilkS) (width 0.15))
    (fp_line (start -1.27 1.27) (end -1.27 10.1) (layer F.SilkS) (width 0.15))
    (fp_line (start -1.27 10.1) (end 1.27 10.1) (layer F.SilkS) (width 0.15))
    (fp_line (start 1.27 10.1) (end 1.27 1.27) (layer F.SilkS) (width 0.15))
    (pad 1 thru_hole rect (at 0 0) (size 1.7272 2.032) (drill 1.016) (layers *.Cu *.Mask F.SilkS)
      (net 36 "Net-(P3-Pad1)"))
    (pad 2 thru_hole oval (at 2.54 0) (size 1.7272 2.032) (drill 1.016) (layers *.Cu *.Mask F.SilkS)
      (net 37 "Net-(P3-Pad2)"))
    (pad 3 thru_hole oval (at 5.08 0) (size 1.7272 2.032) (drill 1.016) (layers *.Cu *.Mask F.SilkS)
      (net 38 "Net-(P3-Pad3)"))
    (pad 4 thru_hole oval (at 7.62 0) (size 1.7272 2.032) (drill 1.016) (layers *.Cu *.Mask F.SilkS)
      (net 39 "Net-(P3-Pad4)"))
    (pad 5 thru_hole oval (at 10.16 0) (size 1.7272 2.032) (drill 1.016) (layers *.Cu *.Mask F.SilkS)
      (net 31 VSS))
    (model Socket_Strips.3dshapes/Socket_Strip_Angled_1x05.wrl
      (at (xyz 0.2 0 0))
      (scale (xyz 1 1 1))
      (rotate (xyz 0 0 180))
    )
  )

  (module Resistors_SMD:R_0402 (layer B.Cu) (tedit 5415CBB8) (tstamp 55A42877)
    (at 42.4 59 270)
    (descr "Resistor SMD 0402, reflow soldering, Vishay (see dcrcw.pdf)")
    (tags "resistor 0402")
    (path /555B2C48)
    (attr smd)
    (fp_text reference R1 (at 0 -1.25 270) (layer B.SilkS)
      (effects (font (size 1 1) (thickness 0.15)) (justify mirror))
    )
    (fp_text value 220 (at 0 -1.8 270) (layer B.Fab)
      (effects (font (size 1 1) (thickness 0.15)) (justify mirror))
    )
    (fp_line (start -0.95 0.65) (end 0.95 0.65) (layer B.CrtYd) (width 0.05))
    (fp_line (start -0.95 -0.65) (end 0.95 -0.65) (layer B.CrtYd) (width 0.05))
    (fp_line (start -0.95 0.65) (end -0.95 -0.65) (layer B.CrtYd) (width 0.05))
    (fp_line (start 0.95 0.65) (end 0.95 -0.65) (layer B.CrtYd) (width 0.05))
    (fp_line (start 0.25 0.525) (end -0.25 0.525) (layer B.SilkS) (width 0.15))
    (fp_line (start -0.25 -0.525) (end 0.25 -0.525) (layer B.SilkS) (width 0.15))
    (pad 1 smd rect (at -0.45 0 270) (size 0.4 0.6) (layers B.Cu B.Paste B.Mask)
      (net 20 "Net-(R1-Pad1)"))
    (pad 2 smd rect (at 0.45 0 270) (size 0.4 0.6) (layers B.Cu B.Paste B.Mask)
      (net 36 "Net-(P3-Pad1)"))
    (model Resistors_SMD.3dshapes/R_0402.wrl
      (at (xyz 0 0 0))
      (scale (xyz 1 1 1))
      (rotate (xyz 0 0 0))
    )
  )

  (module Housings_SSOP:TSSOP-16_4.4x5mm_Pitch0.65mm (layer F.Cu) (tedit 54130A77) (tstamp 55A5C814)
    (at 39.56 45.52)
    (descr "16-Lead Plastic Thin Shrink Small Outline (ST)-4.4 mm Body [TSSOP] (see Microchip Packaging Specification 00000049BS.pdf)")
    (tags "SSOP 0.65")
    (path /5581D367)
    (attr smd)
    (fp_text reference U1 (at 0 -3.55) (layer F.SilkS)
      (effects (font (size 1 1) (thickness 0.15)))
    )
    (fp_text value 4015 (at 0 3.55) (layer F.Fab)
      (effects (font (size 1 1) (thickness 0.15)))
    )
    (fp_line (start -3.95 -2.8) (end -3.95 2.8) (layer F.CrtYd) (width 0.05))
    (fp_line (start 3.95 -2.8) (end 3.95 2.8) (layer F.CrtYd) (width 0.05))
    (fp_line (start -3.95 -2.8) (end 3.95 -2.8) (layer F.CrtYd) (width 0.05))
    (fp_line (start -3.95 2.8) (end 3.95 2.8) (layer F.CrtYd) (width 0.05))
    (fp_line (start -2.2 2.725) (end 2.2 2.725) (layer F.SilkS) (width 0.15))
    (fp_line (start -3.775 -2.725) (end 2.2 -2.725) (layer F.SilkS) (width 0.15))
    (pad 1 smd rect (at -2.95 -2.275) (size 1.5 0.45) (layers F.Cu F.Paste F.Mask)
      (net 6 /clock))
    (pad 2 smd rect (at -2.95 -1.625) (size 1.5 0.45) (layers F.Cu F.Paste F.Mask)
      (net 14 /in_b))
    (pad 3 smd rect (at -2.95 -0.975) (size 1.5 0.45) (layers F.Cu F.Paste F.Mask)
      (net 7 "Net-(U1-Pad3)"))
    (pad 4 smd rect (at -2.95 -0.325) (size 1.5 0.45) (layers F.Cu F.Paste F.Mask)
      (net 8 "Net-(U1-Pad4)"))
    (pad 5 smd rect (at -2.95 0.325) (size 1.5 0.45) (layers F.Cu F.Paste F.Mask)
      (net 9 "Net-(U1-Pad5)"))
    (pad 6 smd rect (at -2.95 0.975) (size 1.5 0.45) (layers F.Cu F.Paste F.Mask)
      (net 2 /reset))
    (pad 7 smd rect (at -2.95 1.625) (size 1.5 0.45) (layers F.Cu F.Paste F.Mask)
      (net 4 "Net-(P1-Pad2)"))
    (pad 8 smd rect (at -2.95 2.275) (size 1.5 0.45) (layers F.Cu F.Paste F.Mask)
      (net 31 VSS))
    (pad 9 smd rect (at 2.95 2.275) (size 1.5 0.45) (layers F.Cu F.Paste F.Mask)
      (net 6 /clock))
    (pad 10 smd rect (at 2.95 1.625) (size 1.5 0.45) (layers F.Cu F.Paste F.Mask)
      (net 10 /in_a))
    (pad 11 smd rect (at 2.95 0.975) (size 1.5 0.45) (layers F.Cu F.Paste F.Mask)
      (net 11 "Net-(U1-Pad11)"))
    (pad 12 smd rect (at 2.95 0.325) (size 1.5 0.45) (layers F.Cu F.Paste F.Mask)
      (net 12 "Net-(U1-Pad12)"))
    (pad 13 smd rect (at 2.95 -0.325) (size 1.5 0.45) (layers F.Cu F.Paste F.Mask)
      (net 13 "Net-(U1-Pad13)"))
    (pad 14 smd rect (at 2.95 -0.975) (size 1.5 0.45) (layers F.Cu F.Paste F.Mask)
      (net 2 /reset))
    (pad 15 smd rect (at 2.95 -1.625) (size 1.5 0.45) (layers F.Cu F.Paste F.Mask)
      (net 3 "Net-(P1-Pad1)"))
    (pad 16 smd rect (at 2.95 -2.275) (size 1.5 0.45) (layers F.Cu F.Paste F.Mask)
      (net 1 VCC))
    (model Housings_SSOP.3dshapes/TSSOP-16_4.4x5mm_Pitch0.65mm.wrl
      (at (xyz 0 0 0))
      (scale (xyz 1 1 1))
      (rotate (xyz 0 0 0))
    )
  )

  (module Resistors_SMD:R_0402 (layer F.Cu) (tedit 5415CBB8) (tstamp 55A42967)
    (at 49.6 34.6 180)
    (descr "Resistor SMD 0402, reflow soldering, Vishay (see dcrcw.pdf)")
    (tags "resistor 0402")
    (path /559F146F)
    (attr smd)
    (fp_text reference R22 (at 0 1.3 180) (layer F.SilkS)
      (effects (font (size 1 1) (thickness 0.15)))
    )
    (fp_text value 0R (at 0 1.8 180) (layer F.Fab)
      (effects (font (size 1 1) (thickness 0.15)))
    )
    (fp_line (start -0.95 -0.65) (end 0.95 -0.65) (layer F.CrtYd) (width 0.05))
    (fp_line (start -0.95 0.65) (end 0.95 0.65) (layer F.CrtYd) (width 0.05))
    (fp_line (start -0.95 -0.65) (end -0.95 0.65) (layer F.CrtYd) (width 0.05))
    (fp_line (start 0.95 -0.65) (end 0.95 0.65) (layer F.CrtYd) (width 0.05))
    (fp_line (start 0.25 -0.525) (end -0.25 -0.525) (layer F.SilkS) (width 0.15))
    (fp_line (start -0.25 0.525) (end 0.25 0.525) (layer F.SilkS) (width 0.15))
    (pad 1 smd rect (at -0.45 0 180) (size 0.4 0.6) (layers F.Cu F.Paste F.Mask)
      (net 5 /out))
    (pad 2 smd rect (at 0.45 0 180) (size 0.4 0.6) (layers F.Cu F.Paste F.Mask)
      (net 49 "Net-(Q1-Pad3)"))
    (model Resistors_SMD.3dshapes/R_0402.wrl
      (at (xyz 0 0 0))
      (scale (xyz 1 1 1))
      (rotate (xyz 0 0 0))
    )
  )

  (module Sockets_DIP:DIP-8__300 (layer B.Cu) (tedit 55A42E78) (tstamp 55A5C800)
    (at 65.75 37 180)
    (descr "8 pins DIL package, round pads")
    (tags DIL)
    (path /559DF1D9)
    (fp_text reference SW1 (at -6.35 0 450) (layer B.SilkS)
      (effects (font (size 1 1) (thickness 0.15)) (justify mirror))
    )
    (fp_text value DIPS_04 (at 0 0 180) (layer B.Fab)
      (effects (font (size 1 1) (thickness 0.15)) (justify mirror))
    )
    (fp_line (start -5.08 1.27) (end -3.81 1.27) (layer B.SilkS) (width 0.15))
    (fp_line (start -3.81 1.27) (end -3.81 -1.27) (layer B.SilkS) (width 0.15))
    (fp_line (start -3.81 -1.27) (end -5.08 -1.27) (layer B.SilkS) (width 0.15))
    (fp_line (start -5.08 2.54) (end 5.08 2.54) (layer B.SilkS) (width 0.15))
    (fp_line (start 5.08 2.54) (end 5.08 -2.54) (layer B.SilkS) (width 0.15))
    (fp_line (start 5.08 -2.54) (end -5.08 -2.54) (layer B.SilkS) (width 0.15))
    (fp_line (start -5.08 -2.54) (end -5.08 2.54) (layer B.SilkS) (width 0.15))
    (pad 1 thru_hole rect (at -3.81 -3.81 180) (size 1.397 1.397) (drill 0.8128) (layers *.Cu *.Mask B.SilkS)
      (net 1 VCC))
    (pad 2 thru_hole circle (at -1.27 -3.81 180) (size 1.397 1.397) (drill 0.8128) (layers *.Cu *.Mask B.SilkS)
      (net 1 VCC))
    (pad 3 thru_hole circle (at 1.27 -3.81 180) (size 1.397 1.397) (drill 0.8128) (layers *.Cu *.Mask B.SilkS)
      (net 1 VCC))
    (pad 4 thru_hole circle (at 3.81 -3.81 180) (size 1.397 1.397) (drill 0.8128) (layers *.Cu *.Mask B.SilkS)
      (net 1 VCC))
    (pad 5 thru_hole circle (at 3.81 3.81 180) (size 1.397 1.397) (drill 0.8128) (layers *.Cu *.Mask B.SilkS)
      (net 34 /X2))
    (pad 6 thru_hole circle (at 1.27 3.81 180) (size 1.397 1.397) (drill 0.8128) (layers *.Cu *.Mask B.SilkS)
      (net 33 /X1))
    (pad 7 thru_hole circle (at -1.27 3.81 180) (size 1.397 1.397) (drill 0.8128) (layers *.Cu *.Mask B.SilkS)
      (net 32 /X0))
    (pad 8 thru_hole circle (at -3.81 3.81 180) (size 1.397 1.397) (drill 0.8128) (layers *.Cu *.Mask B.SilkS)
      (net 35 /X3))
    (model Sockets_DIP.3dshapes/DIP-8__300.wrl
      (at (xyz 0 0 0))
      (scale (xyz 1 1 1))
      (rotate (xyz 0 0 0))
    )
  )

  (module Capacitors_SMD:C_0402 (layer F.Cu) (tedit 5415D599) (tstamp 55A42758)
    (at 36 50 180)
    (descr "Capacitor SMD 0402, reflow soldering, AVX (see smccp.pdf)")
    (tags "capacitor 0402")
    (path /559FFA59)
    (attr smd)
    (fp_text reference C1 (at 2.25 0 180) (layer F.SilkS)
      (effects (font (size 1 1) (thickness 0.15)))
    )
    (fp_text value C (at 0 1.7 180) (layer F.Fab)
      (effects (font (size 1 1) (thickness 0.15)))
    )
    (fp_line (start -1.15 -0.6) (end 1.15 -0.6) (layer F.CrtYd) (width 0.05))
    (fp_line (start -1.15 0.6) (end 1.15 0.6) (layer F.CrtYd) (width 0.05))
    (fp_line (start -1.15 -0.6) (end -1.15 0.6) (layer F.CrtYd) (width 0.05))
    (fp_line (start 1.15 -0.6) (end 1.15 0.6) (layer F.CrtYd) (width 0.05))
    (fp_line (start 0.25 -0.475) (end -0.25 -0.475) (layer F.SilkS) (width 0.15))
    (fp_line (start -0.25 0.475) (end 0.25 0.475) (layer F.SilkS) (width 0.15))
    (pad 1 smd rect (at -0.55 0 180) (size 0.6 0.5) (layers F.Cu F.Paste F.Mask)
      (net 1 VCC))
    (pad 2 smd rect (at 0.55 0 180) (size 0.6 0.5) (layers F.Cu F.Paste F.Mask)
      (net 2 /reset))
    (model Capacitors_SMD.3dshapes/C_0402.wrl
      (at (xyz 0 0 0))
      (scale (xyz 1 1 1))
      (rotate (xyz 0 0 0))
    )
  )

  (module Resistors_SMD:R_0402 (layer B.Cu) (tedit 5415CBB8) (tstamp 55A42883)
    (at 45 59 270)
    (descr "Resistor SMD 0402, reflow soldering, Vishay (see dcrcw.pdf)")
    (tags "resistor 0402")
    (path /555B2CD5)
    (attr smd)
    (fp_text reference R2 (at 0 -1.2 270) (layer B.SilkS)
      (effects (font (size 1 1) (thickness 0.15)) (justify mirror))
    )
    (fp_text value 220 (at 0 -1.8 270) (layer B.Fab)
      (effects (font (size 1 1) (thickness 0.15)) (justify mirror))
    )
    (fp_line (start -0.95 0.65) (end 0.95 0.65) (layer B.CrtYd) (width 0.05))
    (fp_line (start -0.95 -0.65) (end 0.95 -0.65) (layer B.CrtYd) (width 0.05))
    (fp_line (start -0.95 0.65) (end -0.95 -0.65) (layer B.CrtYd) (width 0.05))
    (fp_line (start 0.95 0.65) (end 0.95 -0.65) (layer B.CrtYd) (width 0.05))
    (fp_line (start 0.25 0.525) (end -0.25 0.525) (layer B.SilkS) (width 0.15))
    (fp_line (start -0.25 -0.525) (end 0.25 -0.525) (layer B.SilkS) (width 0.15))
    (pad 1 smd rect (at -0.45 0 270) (size 0.4 0.6) (layers B.Cu B.Paste B.Mask)
      (net 21 "Net-(R2-Pad1)"))
    (pad 2 smd rect (at 0.45 0 270) (size 0.4 0.6) (layers B.Cu B.Paste B.Mask)
      (net 37 "Net-(P3-Pad2)"))
    (model Resistors_SMD.3dshapes/R_0402.wrl
      (at (xyz 0 0 0))
      (scale (xyz 1 1 1))
      (rotate (xyz 0 0 0))
    )
  )

  (module Resistors_SMD:R_0402 (layer B.Cu) (tedit 5415CBB8) (tstamp 55A4289B)
    (at 50 59 270)
    (descr "Resistor SMD 0402, reflow soldering, Vishay (see dcrcw.pdf)")
    (tags "resistor 0402")
    (path /55991665)
    (attr smd)
    (fp_text reference R4 (at 0 -1.25 270) (layer B.SilkS)
      (effects (font (size 1 1) (thickness 0.15)) (justify mirror))
    )
    (fp_text value 220 (at 0 -1.8 270) (layer B.Fab)
      (effects (font (size 1 1) (thickness 0.15)) (justify mirror))
    )
    (fp_line (start -0.95 0.65) (end 0.95 0.65) (layer B.CrtYd) (width 0.05))
    (fp_line (start -0.95 -0.65) (end 0.95 -0.65) (layer B.CrtYd) (width 0.05))
    (fp_line (start -0.95 0.65) (end -0.95 -0.65) (layer B.CrtYd) (width 0.05))
    (fp_line (start 0.95 0.65) (end 0.95 -0.65) (layer B.CrtYd) (width 0.05))
    (fp_line (start 0.25 0.525) (end -0.25 0.525) (layer B.SilkS) (width 0.15))
    (fp_line (start -0.25 -0.525) (end 0.25 -0.525) (layer B.SilkS) (width 0.15))
    (pad 1 smd rect (at -0.45 0 270) (size 0.4 0.6) (layers B.Cu B.Paste B.Mask)
      (net 23 "Net-(R4-Pad1)"))
    (pad 2 smd rect (at 0.45 0 270) (size 0.4 0.6) (layers B.Cu B.Paste B.Mask)
      (net 39 "Net-(P3-Pad4)"))
    (model Resistors_SMD.3dshapes/R_0402.wrl
      (at (xyz 0 0 0))
      (scale (xyz 1 1 1))
      (rotate (xyz 0 0 0))
    )
  )

  (module Resistors_SMD:R_0402 (layer B.Cu) (tedit 5415CBB8) (tstamp 55A428A7)
    (at 58.5 59 270)
    (descr "Resistor SMD 0402, reflow soldering, Vishay (see dcrcw.pdf)")
    (tags "resistor 0402")
    (path /555B4D0C)
    (attr smd)
    (fp_text reference R5 (at 0 1.3 270) (layer B.SilkS)
      (effects (font (size 1 1) (thickness 0.15)) (justify mirror))
    )
    (fp_text value 220 (at 0 -1.8 270) (layer B.Fab)
      (effects (font (size 1 1) (thickness 0.15)) (justify mirror))
    )
    (fp_line (start -0.95 0.65) (end 0.95 0.65) (layer B.CrtYd) (width 0.05))
    (fp_line (start -0.95 -0.65) (end 0.95 -0.65) (layer B.CrtYd) (width 0.05))
    (fp_line (start -0.95 0.65) (end -0.95 -0.65) (layer B.CrtYd) (width 0.05))
    (fp_line (start 0.95 0.65) (end 0.95 -0.65) (layer B.CrtYd) (width 0.05))
    (fp_line (start 0.25 0.525) (end -0.25 0.525) (layer B.SilkS) (width 0.15))
    (fp_line (start -0.25 -0.525) (end 0.25 -0.525) (layer B.SilkS) (width 0.15))
    (pad 1 smd rect (at -0.45 0 270) (size 0.4 0.6) (layers B.Cu B.Paste B.Mask)
      (net 49 "Net-(Q1-Pad3)"))
    (pad 2 smd rect (at 0.45 0 270) (size 0.4 0.6) (layers B.Cu B.Paste B.Mask)
      (net 44 /led_main))
    (model Resistors_SMD.3dshapes/R_0402.wrl
      (at (xyz 0 0 0))
      (scale (xyz 1 1 1))
      (rotate (xyz 0 0 0))
    )
  )

  (module Resistors_SMD:R_0402 (layer F.Cu) (tedit 5415CBB8) (tstamp 55A428B3)
    (at 34.75 47.5 90)
    (descr "Resistor SMD 0402, reflow soldering, Vishay (see dcrcw.pdf)")
    (tags "resistor 0402")
    (path /555B4220)
    (attr smd)
    (fp_text reference R6 (at 0 -1.8 90) (layer F.SilkS)
      (effects (font (size 1 1) (thickness 0.15)))
    )
    (fp_text value 10k (at 0 1.8 90) (layer F.Fab)
      (effects (font (size 1 1) (thickness 0.15)))
    )
    (fp_line (start -0.95 -0.65) (end 0.95 -0.65) (layer F.CrtYd) (width 0.05))
    (fp_line (start -0.95 0.65) (end 0.95 0.65) (layer F.CrtYd) (width 0.05))
    (fp_line (start -0.95 -0.65) (end -0.95 0.65) (layer F.CrtYd) (width 0.05))
    (fp_line (start 0.95 -0.65) (end 0.95 0.65) (layer F.CrtYd) (width 0.05))
    (fp_line (start 0.25 -0.525) (end -0.25 -0.525) (layer F.SilkS) (width 0.15))
    (fp_line (start -0.25 0.525) (end 0.25 0.525) (layer F.SilkS) (width 0.15))
    (pad 1 smd rect (at -0.45 0 90) (size 0.4 0.6) (layers F.Cu F.Paste F.Mask)
      (net 31 VSS))
    (pad 2 smd rect (at 0.45 0 90) (size 0.4 0.6) (layers F.Cu F.Paste F.Mask)
      (net 4 "Net-(P1-Pad2)"))
    (model Resistors_SMD.3dshapes/R_0402.wrl
      (at (xyz 0 0 0))
      (scale (xyz 1 1 1))
      (rotate (xyz 0 0 0))
    )
  )

  (module Resistors_SMD:R_0402 (layer F.Cu) (tedit 5415CBB8) (tstamp 55A428BF)
    (at 61.2 58.95 270)
    (descr "Resistor SMD 0402, reflow soldering, Vishay (see dcrcw.pdf)")
    (tags "resistor 0402")
    (path /555B7A5A)
    (attr smd)
    (fp_text reference R7 (at 0.05 1.25 270) (layer F.SilkS)
      (effects (font (size 1 1) (thickness 0.15)))
    )
    (fp_text value 220 (at 0 1.8 270) (layer F.Fab)
      (effects (font (size 1 1) (thickness 0.15)))
    )
    (fp_line (start -0.95 -0.65) (end 0.95 -0.65) (layer F.CrtYd) (width 0.05))
    (fp_line (start -0.95 0.65) (end 0.95 0.65) (layer F.CrtYd) (width 0.05))
    (fp_line (start -0.95 -0.65) (end -0.95 0.65) (layer F.CrtYd) (width 0.05))
    (fp_line (start 0.95 -0.65) (end 0.95 0.65) (layer F.CrtYd) (width 0.05))
    (fp_line (start 0.25 -0.525) (end -0.25 -0.525) (layer F.SilkS) (width 0.15))
    (fp_line (start -0.25 0.525) (end 0.25 0.525) (layer F.SilkS) (width 0.15))
    (pad 1 smd rect (at -0.45 0 270) (size 0.4 0.6) (layers F.Cu F.Paste F.Mask)
      (net 24 "Net-(R7-Pad1)"))
    (pad 2 smd rect (at 0.45 0 270) (size 0.4 0.6) (layers F.Cu F.Paste F.Mask)
      (net 45 "Net-(P5-Pad2)"))
    (model Resistors_SMD.3dshapes/R_0402.wrl
      (at (xyz 0 0 0))
      (scale (xyz 1 1 1))
      (rotate (xyz 0 0 0))
    )
  )

  (module Resistors_SMD:R_0402 (layer F.Cu) (tedit 5415CBB8) (tstamp 55A428CB)
    (at 63.75 59 270)
    (descr "Resistor SMD 0402, reflow soldering, Vishay (see dcrcw.pdf)")
    (tags "resistor 0402")
    (path /555B7A60)
    (attr smd)
    (fp_text reference R8 (at 0 1.25 270) (layer F.SilkS)
      (effects (font (size 1 1) (thickness 0.15)))
    )
    (fp_text value 220 (at 0 1.8 270) (layer F.Fab)
      (effects (font (size 1 1) (thickness 0.15)))
    )
    (fp_line (start -0.95 -0.65) (end 0.95 -0.65) (layer F.CrtYd) (width 0.05))
    (fp_line (start -0.95 0.65) (end 0.95 0.65) (layer F.CrtYd) (width 0.05))
    (fp_line (start -0.95 -0.65) (end -0.95 0.65) (layer F.CrtYd) (width 0.05))
    (fp_line (start 0.95 -0.65) (end 0.95 0.65) (layer F.CrtYd) (width 0.05))
    (fp_line (start 0.25 -0.525) (end -0.25 -0.525) (layer F.SilkS) (width 0.15))
    (fp_line (start -0.25 0.525) (end 0.25 0.525) (layer F.SilkS) (width 0.15))
    (pad 1 smd rect (at -0.45 0 270) (size 0.4 0.6) (layers F.Cu F.Paste F.Mask)
      (net 25 "Net-(R8-Pad1)"))
    (pad 2 smd rect (at 0.45 0 270) (size 0.4 0.6) (layers F.Cu F.Paste F.Mask)
      (net 46 "Net-(P5-Pad3)"))
    (model Resistors_SMD.3dshapes/R_0402.wrl
      (at (xyz 0 0 0))
      (scale (xyz 1 1 1))
      (rotate (xyz 0 0 0))
    )
  )

  (module Resistors_SMD:R_0402 (layer F.Cu) (tedit 5415CBB8) (tstamp 55A428D7)
    (at 26.4 59.05 270)
    (descr "Resistor SMD 0402, reflow soldering, Vishay (see dcrcw.pdf)")
    (tags "resistor 0402")
    (path /555B2E9C)
    (attr smd)
    (fp_text reference R9 (at 0 1.2 270) (layer F.SilkS)
      (effects (font (size 1 1) (thickness 0.15)))
    )
    (fp_text value 220 (at 0 1.8 270) (layer F.Fab)
      (effects (font (size 1 1) (thickness 0.15)))
    )
    (fp_line (start -0.95 -0.65) (end 0.95 -0.65) (layer F.CrtYd) (width 0.05))
    (fp_line (start -0.95 0.65) (end 0.95 0.65) (layer F.CrtYd) (width 0.05))
    (fp_line (start -0.95 -0.65) (end -0.95 0.65) (layer F.CrtYd) (width 0.05))
    (fp_line (start 0.95 -0.65) (end 0.95 0.65) (layer F.CrtYd) (width 0.05))
    (fp_line (start 0.25 -0.525) (end -0.25 -0.525) (layer F.SilkS) (width 0.15))
    (fp_line (start -0.25 0.525) (end 0.25 0.525) (layer F.SilkS) (width 0.15))
    (pad 1 smd rect (at -0.45 0 270) (size 0.4 0.6) (layers F.Cu F.Paste F.Mask)
      (net 26 "Net-(R9-Pad1)"))
    (pad 2 smd rect (at 0.45 0 270) (size 0.4 0.6) (layers F.Cu F.Paste F.Mask)
      (net 40 "Net-(P4-Pad1)"))
    (model Resistors_SMD.3dshapes/R_0402.wrl
      (at (xyz 0 0 0))
      (scale (xyz 1 1 1))
      (rotate (xyz 0 0 0))
    )
  )

  (module Resistors_SMD:R_0402 (layer F.Cu) (tedit 5415CBB8) (tstamp 55A428E3)
    (at 66.25 58.95 270)
    (descr "Resistor SMD 0402, reflow soldering, Vishay (see dcrcw.pdf)")
    (tags "resistor 0402")
    (path /555B7A66)
    (attr smd)
    (fp_text reference R10 (at -0.45 1.25 270) (layer F.SilkS)
      (effects (font (size 1 1) (thickness 0.15)))
    )
    (fp_text value 220 (at 0 1.8 270) (layer F.Fab)
      (effects (font (size 1 1) (thickness 0.15)))
    )
    (fp_line (start -0.95 -0.65) (end 0.95 -0.65) (layer F.CrtYd) (width 0.05))
    (fp_line (start -0.95 0.65) (end 0.95 0.65) (layer F.CrtYd) (width 0.05))
    (fp_line (start -0.95 -0.65) (end -0.95 0.65) (layer F.CrtYd) (width 0.05))
    (fp_line (start 0.95 -0.65) (end 0.95 0.65) (layer F.CrtYd) (width 0.05))
    (fp_line (start 0.25 -0.525) (end -0.25 -0.525) (layer F.SilkS) (width 0.15))
    (fp_line (start -0.25 0.525) (end 0.25 0.525) (layer F.SilkS) (width 0.15))
    (pad 1 smd rect (at -0.45 0 270) (size 0.4 0.6) (layers F.Cu F.Paste F.Mask)
      (net 27 "Net-(R10-Pad1)"))
    (pad 2 smd rect (at 0.45 0 270) (size 0.4 0.6) (layers F.Cu F.Paste F.Mask)
      (net 47 "Net-(P5-Pad4)"))
    (model Resistors_SMD.3dshapes/R_0402.wrl
      (at (xyz 0 0 0))
      (scale (xyz 1 1 1))
      (rotate (xyz 0 0 0))
    )
  )

  (module Resistors_SMD:R_0402 (layer F.Cu) (tedit 5415CBB8) (tstamp 55A428EF)
    (at 28.9 59 270)
    (descr "Resistor SMD 0402, reflow soldering, Vishay (see dcrcw.pdf)")
    (tags "resistor 0402")
    (path /555B2EA2)
    (attr smd)
    (fp_text reference R11 (at -0.4 1.2 270) (layer F.SilkS)
      (effects (font (size 1 1) (thickness 0.15)))
    )
    (fp_text value 220 (at 0 1.8 270) (layer F.Fab)
      (effects (font (size 1 1) (thickness 0.15)))
    )
    (fp_line (start -0.95 -0.65) (end 0.95 -0.65) (layer F.CrtYd) (width 0.05))
    (fp_line (start -0.95 0.65) (end 0.95 0.65) (layer F.CrtYd) (width 0.05))
    (fp_line (start -0.95 -0.65) (end -0.95 0.65) (layer F.CrtYd) (width 0.05))
    (fp_line (start 0.95 -0.65) (end 0.95 0.65) (layer F.CrtYd) (width 0.05))
    (fp_line (start 0.25 -0.525) (end -0.25 -0.525) (layer F.SilkS) (width 0.15))
    (fp_line (start -0.25 0.525) (end 0.25 0.525) (layer F.SilkS) (width 0.15))
    (pad 1 smd rect (at -0.45 0 270) (size 0.4 0.6) (layers F.Cu F.Paste F.Mask)
      (net 28 "Net-(R11-Pad1)"))
    (pad 2 smd rect (at 0.45 0 270) (size 0.4 0.6) (layers F.Cu F.Paste F.Mask)
      (net 41 "Net-(P4-Pad2)"))
    (model Resistors_SMD.3dshapes/R_0402.wrl
      (at (xyz 0 0 0))
      (scale (xyz 1 1 1))
      (rotate (xyz 0 0 0))
    )
  )

  (module Resistors_SMD:R_0402 (layer F.Cu) (tedit 5415CBB8) (tstamp 55A428FB)
    (at 45.25 44)
    (descr "Resistor SMD 0402, reflow soldering, Vishay (see dcrcw.pdf)")
    (tags "resistor 0402")
    (path /555B4010)
    (attr smd)
    (fp_text reference R12 (at 0 -1.8) (layer F.SilkS)
      (effects (font (size 1 1) (thickness 0.15)))
    )
    (fp_text value 10k (at 0 1.8) (layer F.Fab)
      (effects (font (size 1 1) (thickness 0.15)))
    )
    (fp_line (start -0.95 -0.65) (end 0.95 -0.65) (layer F.CrtYd) (width 0.05))
    (fp_line (start -0.95 0.65) (end 0.95 0.65) (layer F.CrtYd) (width 0.05))
    (fp_line (start -0.95 -0.65) (end -0.95 0.65) (layer F.CrtYd) (width 0.05))
    (fp_line (start 0.95 -0.65) (end 0.95 0.65) (layer F.CrtYd) (width 0.05))
    (fp_line (start 0.25 -0.525) (end -0.25 -0.525) (layer F.SilkS) (width 0.15))
    (fp_line (start -0.25 0.525) (end 0.25 0.525) (layer F.SilkS) (width 0.15))
    (pad 1 smd rect (at -0.45 0) (size 0.4 0.6) (layers F.Cu F.Paste F.Mask)
      (net 3 "Net-(P1-Pad1)"))
    (pad 2 smd rect (at 0.45 0) (size 0.4 0.6) (layers F.Cu F.Paste F.Mask)
      (net 31 VSS))
    (model Resistors_SMD.3dshapes/R_0402.wrl
      (at (xyz 0 0 0))
      (scale (xyz 1 1 1))
      (rotate (xyz 0 0 0))
    )
  )

  (module Resistors_SMD:R_0402 (layer F.Cu) (tedit 5415CBB8) (tstamp 55A42907)
    (at 68.75 59.05 270)
    (descr "Resistor SMD 0402, reflow soldering, Vishay (see dcrcw.pdf)")
    (tags "resistor 0402")
    (path /555B7A6C)
    (attr smd)
    (fp_text reference R13 (at -0.55 1.25 450) (layer F.SilkS)
      (effects (font (size 1 1) (thickness 0.15)))
    )
    (fp_text value 220 (at 0 1.8 270) (layer F.Fab)
      (effects (font (size 1 1) (thickness 0.15)))
    )
    (fp_line (start -0.95 -0.65) (end 0.95 -0.65) (layer F.CrtYd) (width 0.05))
    (fp_line (start -0.95 0.65) (end 0.95 0.65) (layer F.CrtYd) (width 0.05))
    (fp_line (start -0.95 -0.65) (end -0.95 0.65) (layer F.CrtYd) (width 0.05))
    (fp_line (start 0.95 -0.65) (end 0.95 0.65) (layer F.CrtYd) (width 0.05))
    (fp_line (start 0.25 -0.525) (end -0.25 -0.525) (layer F.SilkS) (width 0.15))
    (fp_line (start -0.25 0.525) (end 0.25 0.525) (layer F.SilkS) (width 0.15))
    (pad 1 smd rect (at -0.45 0 270) (size 0.4 0.6) (layers F.Cu F.Paste F.Mask)
      (net 19 "Net-(P2-Pad2)"))
    (pad 2 smd rect (at 0.45 0 270) (size 0.4 0.6) (layers F.Cu F.Paste F.Mask)
      (net 48 "Net-(P5-Pad5)"))
    (model Resistors_SMD.3dshapes/R_0402.wrl
      (at (xyz 0 0 0))
      (scale (xyz 1 1 1))
      (rotate (xyz 0 0 0))
    )
  )

  (module Resistors_SMD:R_0402 (layer B.Cu) (tedit 5415CBB8) (tstamp 55A42913)
    (at 31.5 59 270)
    (descr "Resistor SMD 0402, reflow soldering, Vishay (see dcrcw.pdf)")
    (tags "resistor 0402")
    (path /555B2EA8)
    (attr smd)
    (fp_text reference R14 (at -0.4 1.2 270) (layer B.SilkS)
      (effects (font (size 1 1) (thickness 0.15)) (justify mirror))
    )
    (fp_text value 220 (at 0 -1.8 270) (layer B.Fab)
      (effects (font (size 1 1) (thickness 0.15)) (justify mirror))
    )
    (fp_line (start -0.95 0.65) (end 0.95 0.65) (layer B.CrtYd) (width 0.05))
    (fp_line (start -0.95 -0.65) (end 0.95 -0.65) (layer B.CrtYd) (width 0.05))
    (fp_line (start -0.95 0.65) (end -0.95 -0.65) (layer B.CrtYd) (width 0.05))
    (fp_line (start 0.95 0.65) (end 0.95 -0.65) (layer B.CrtYd) (width 0.05))
    (fp_line (start 0.25 0.525) (end -0.25 0.525) (layer B.SilkS) (width 0.15))
    (fp_line (start -0.25 -0.525) (end 0.25 -0.525) (layer B.SilkS) (width 0.15))
    (pad 1 smd rect (at -0.45 0 270) (size 0.4 0.6) (layers B.Cu B.Paste B.Mask)
      (net 29 "Net-(R14-Pad1)"))
    (pad 2 smd rect (at 0.45 0 270) (size 0.4 0.6) (layers B.Cu B.Paste B.Mask)
      (net 42 "Net-(P4-Pad3)"))
    (model Resistors_SMD.3dshapes/R_0402.wrl
      (at (xyz 0 0 0))
      (scale (xyz 1 1 1))
      (rotate (xyz 0 0 0))
    )
  )

  (module Resistors_SMD:R_0402 (layer B.Cu) (tedit 5415CBB8) (tstamp 55A4291F)
    (at 34 59 270)
    (descr "Resistor SMD 0402, reflow soldering, Vishay (see dcrcw.pdf)")
    (tags "resistor 0402")
    (path /555B2EAE)
    (attr smd)
    (fp_text reference R15 (at -0.4 1.2 270) (layer B.SilkS)
      (effects (font (size 1 1) (thickness 0.15)) (justify mirror))
    )
